00100293
00300413
00000313
00000493
100106b7
00000013
00000013
00000013
00068693
10010737
00000013
00000013
00000013
00c70713
100107b7
00000013
00000013
00000013
01878793
00800fb3
04c0006f
00000013
00000013
00000013
ffc68693
00000013
0006af03
00000013
0006a023
00000013
01e7a023
00000013
00478793
00000013
00148493
00008067
00000013
00000013
00000013
00468693
ffff8f93
fe0f9ce3
00000013
00000013
00000013
020000ef
00000013
00000013
00000013
1340006f
00000013
00000013
00000013
04541463
00000013
00000013
00000013
ffc10113
00112023
f75ff0ef
00000013
00000013
00000013
00012083
00012023
00000013
00410113
00008067
00000013
00000013
00000013
ff810113
00000013
00000013
00112223
00000013
00000013
00812023
00070313
00000013
00078713
00000013
00030793
fff40413
f85ff0ef
00000013
00000013
00000013
00070313
00000013
00078713
00000013
00030793
ffc10113
00112023
ee5ff0ef
00000013
00000013
00000013
00012083
00012023
00410113
00068313
00000013
00070693
00000013
00030713
f29ff0ef
00000013
00000013
00000013
00068313
00000013
00000013
00000013
00070693
00000013
00000013
00000013
00030713
00012403
00012023
00412083
00012223
00810113
00008067
00000013
00000013
